taiwan_to_seed=0

without adaptation 0.7615872092745611

uda
entropy mean accuracy: 0.7729149981755101
weighted mean accuracy:  0.7800131306951023
MCD mean accuracy: 0.7556539316750552  0.7314238044506998, 0.7174946383754333, 0.7021528753688057, 0.7000450355945546, 0.6883255530190103, 0.6764384445273245, 0.6774430131769539, 0.6724098880973643, 0.6532148515658096, 0.6381778595608218, 0.640349839500825, 0.6398629888943972, 0.6357235732327877, 0.6566710624525409, 0.6603946993951743, 0.7202786217991263, 0.6855136992254341, 0.6987891251224707, 0.6960632493723783, 0.703741159449711, 0.7174864831331316, 0.7466828052336474, 0.7283083012661649, 0.7519424433474076, 0.7595413552622035, 0.7615490165716351, 0.7592933550423706, 0.7311709519258628, 0.7418096387883416, 0.6208460522053559, 0.7241192533259315, 0.7155936876526353, 0.7475978113968587, 0.7500834235669701, 0.7458301988912667, 0.7514887101641521, 0.6914290378667544, 0.7346239098323241, 0.6268601068505962, 0.5615865373217854, 0.5358131080397612, 0.5270596782946958, 0.5312923548343215, 0.5387650836526974, 0.5421227953999259, 0.5292717721626964, 0.5385080363308693, 0.5436208948493716, 0.5309591596477506, 0.5370148575142223, 0.519284835648723, 0.5291614088743803, 0.5338035790951801, 0.5291985633889447, 0.5312809285483941, 0.5287875468689465, 0.5216168555296864, 0.5313057332385994, 0.5300829491103847, 0.5308212477269346, 0.5387930836340584, 0.5452170811016259, 0.5510674296412522, 0.557763432579108, 0.5671535222095754, 0.5692015166395428, 0.583704987474597, 0.5813490750197493, 0.5801691448839252, 0.5919715561283796, 0.5961567669667164, 0.5957785021770475, 0.6234649994515001, 0.6406984226086769, 0.6465523538709723, 0.6562900608961454, 0.656826493892601, 0.6572203242899362, 0.6458735902812576, 0.6513033194492677, 0.6435335745041658, 0.6414337957720159, 0.6511567483427921, 0.6546109158927533, 0.649105264629002, 0.6396997016744361, 0.6446557858669341, 0.6369035077820776, 0.6339967713341567, 0.633961156411033, 0.6279371873175733, 0.6214874484430974, 0.6235528059585804, 0.6201537796176528, 0.6122904187507018, 0.6201776999572839, 0.6185271512167319, 0.6161666682307977, 0.6238527741323765, 0.6135534212954178]

MCD+entropy minimization mean accuracy 0.7824702745529943
MDD mean accuracy: 0.7555710329584113
ADVENT mean accuracy: 0.7847585286182532
self-trainining threshold=0.5 accuracy:0.7805898601343998
self-trainining threshold=0.5 accuracy:0.7780582543167313
self-training class balanced threshold accuracy: 0.7821836292812189 [0.7400898607220476, 0.746277912907944, 0.7656169007136223, 0.7795155396676555, 0.7789033571395921, 0.753519229339273, 0.7817456630795868, 0.7821836292812189, 0.7808355584598771, 0.7632838203348307, 0.7275553130892533, 0.706508582630014, 0.7500481693644598, 0.7724897736092234, 0.7720646235430138, 0.7182259573869051, 0.7439111124511332, 0.752215814703969, 0.7575111539268377, 0.7596829841393415, 0.7495752499711185, 0.7602830666000561, 0.7416986002004844, 0.7518994448014804, 0.7242603359909395, 0.706375352187043, 0.7480380438455625, 0.74805143380852, 0.7344781647890425, 0.7274984665489531, 0.7501669642432339, 0.7540521793156258, 0.715607481653828, 0.7579147416256223, 0.7428908191927154, 0.7451472763820615, 0.7474325696366875, 0.752731256409329, 0.7390816239994865, 0.747181714139384, 0.760097147428779, 0.7193347278755463, 0.7508154978968634, 0.7428386697992622, 0.7414503913372712, 0.7471851467156871, 0.7515187578153305, 0.7414337396236198, 0.7306440104542784, 0.713447009521891, 0.719973867813507, 0.7496669349301187, 0.7123111320138725, 0.7453760517949806, 0.75313137622338, 0.7359166958477836, 0.7226189980620198, 0.7399623581541115, 0.74490108421024, 0.7293078141511716, 0.7048771633619275, 0.7443246146277832, 0.735105187267299, 0.7115254059311823, 0.7405429432818202, 0.7298700852673257, 0.7233717246954148, 0.7083838207189846, 0.7126134844366603, 0.6904438812406625, 0.6754032253353596, 0.7260127495300687, 0.7310396413837371, 0.730086936499717, 0.7204509625236729, 0.7043128831739659, 0.680592610918666, 0.723344024739016, 0.7194237001583805, 0.6661626188921304, 0.7176128167690058, 0.7035287286847106, 0.7372687604461418, 0.6964427887241191, 0.7445016212595054, 0.7265995647019754, 0.7415063945348646, 0.6822034654591795, 0.7193821380920352, 0.7468858936493209, 0.7169813366120849, 0.7364052360629496, 0.7053847255167818, 0.721745721978044, 0.7320888496697561, 0.7529119494530601, 0.6389033317472085, 0.7340912260660418, 0.7406164615323234, 0.7313892109958485]

dann lr=1e-3 0.7653680466749774


sfuda
entropy  mean accuracy: 0.7874407322039367
weighted entropy mean accuracy:  0.7881808218873618


taiwan_to_seed=1
without adaptation 0.7949081235420604

uda
weighted mean accuracy:  0.8676502571168212
entropy mean accuracy:  0.864209441692209
advent mean accuracy: 0.8129553454468748

MCD mean accuracy 0.8603729843912521
MCD+entropy minimization mean accuracy 0.870531577547679
MDD mean accuracy 0.8558086396219386
self-training threshold=0.5 accuracy:0.844213904110703
self-training threshold=0.4 accuracy:0.8654935365956121
self-training class balanced threshold accuracy:0.8684053192187942
dann lr=5e-4 0.8282489078496456


SFUDA
entropy mean accuracy: 0.778162110587417
weighted mean accuracy: 0.7798916023538822